[header]
width=90
height=20
tilewidth=16
tileheight=16

[tilesets]
tileset=arne_sprites.png,16,16,0,0

[layer]
type=Tile Layer 1
data=
18,20,18,18,19,18,18,18,20,20,19,20,20,18,18,18,2,20,20,17,18,18,19,19,18,18,20,20,20,18,18,18,20,20,20,18,18,19,18,18,2,20,20,17,18,19,18,18,18,2,20,20,17,18,18,19,19,18,18,19,18,20,18,2,20,20,1,18,18,18,19,18,18,19,18,2,20,20,20,17,18,19,18,19,19,18,18,2,20,18,
34,36,35,34,34,34,35,33,33,36,36,33,34,35,34,35,35,33,36,33,35,34,34,35,35,34,36,34,36,34,34,35,36,33,34,34,35,34,34,34,34,36,36,33,35,34,35,35,35,34,33,36,34,35,35,34,34,35,34,34,34,36,33,36,33,33,33,34,35,35,35,35,35,35,34,36,33,33,36,36,34,34,34,35,34,34,35,36,33,36,
36,35,34,34,34,34,35,35,35,35,36,36,34,34,34,34,35,35,35,34,34,34,35,34,35,35,34,34,35,34,35,35,34,36,33,35,34,35,35,34,34,35,33,36,34,34,35,34,34,34,35,33,36,35,34,34,35,36,36,34,35,36,33,34,36,35,36,36,35,34,34,34,34,34,33,33,34,36,33,35,35,34,34,34,36,36,34,35,36,36,
34,35,0,0,0,0,0,0,0,0,0,0,0,0,0,0,0,0,0,0,0,0,0,0,0,0,0,0,35,34,35,34,35,36,33,35,35,35,34,34,34,34,34,0,0,0,0,0,0,0,0,0,0,0,0,35,34,34,35,35,34,36,0,0,0,0,0,0,0,0,0,0,0,0,0,0,0,0,0,0,0,35,35,34,34,34,35,34,34,34,
34,34,0,0,0,0,0,0,0,0,0,0,0,0,0,0,0,0,0,0,0,0,0,0,0,0,0,0,0,34,34,35,35,34,36,33,34,36,0,0,0,0,0,0,0,0,0,0,0,0,0,0,0,0,0,0,0,34,35,34,0,0,0,0,0,0,0,0,0,0,0,0,0,0,0,0,0,0,0,0,0,0,0,0,0,34,35,35,34,34,
34,34,0,0,0,0,0,0,0,0,0,0,0,0,0,0,0,0,0,0,0,0,0,0,0,0,0,0,0,0,34,34,36,36,33,33,33,0,0,0,0,0,0,0,0,0,0,0,0,0,0,0,0,0,0,0,0,0,0,0,0,0,0,0,0,0,0,0,0,0,0,0,0,0,0,0,0,0,0,0,0,0,0,0,0,0,0,0,34,34,
34,34,0,0,0,0,0,0,0,0,0,0,0,0,0,0,0,0,0,0,0,0,0,0,0,0,0,0,0,0,0,0,0,0,0,0,0,0,0,0,0,0,0,0,0,0,0,0,0,0,0,0,0,0,0,0,0,0,0,0,0,0,0,0,0,0,0,0,0,0,0,0,0,0,0,0,0,0,0,0,0,0,0,0,0,0,0,0,34,34,
34,34,0,0,0,0,0,0,0,0,0,0,0,0,0,0,0,0,0,0,0,0,0,0,0,0,0,0,0,0,0,0,0,0,0,0,0,0,0,0,0,0,0,0,0,0,0,0,0,0,0,0,0,0,0,0,0,0,0,0,0,0,0,0,0,0,0,0,0,0,0,0,0,0,0,0,0,0,0,0,0,0,0,0,0,0,0,0,34,34,
34,34,0,0,0,0,0,0,0,0,0,0,0,0,0,0,0,0,0,0,0,0,0,0,0,0,0,0,0,0,0,0,0,0,0,0,0,0,0,0,0,0,0,0,0,0,0,0,0,0,0,0,0,0,0,0,0,0,0,0,0,0,0,0,0,0,0,0,0,0,0,0,0,0,0,0,0,0,0,0,0,0,0,0,0,0,0,0,34,34,
34,34,0,0,0,0,0,0,0,0,0,0,0,0,0,0,0,0,0,0,0,0,0,0,0,0,0,0,0,0,0,0,0,0,0,0,0,0,0,0,0,0,0,0,0,0,0,0,0,0,0,0,0,0,0,0,0,0,0,0,0,0,0,0,0,0,0,0,0,0,0,0,0,0,0,0,0,0,0,0,0,0,0,0,0,0,0,0,34,34,
34,34,0,0,0,0,0,0,0,0,0,0,0,0,0,0,0,0,0,0,0,0,0,0,0,0,0,0,0,0,0,0,0,0,0,0,0,0,0,0,0,0,0,0,0,0,0,0,0,0,0,0,0,0,0,0,0,0,0,0,0,0,0,0,0,0,0,0,0,0,0,0,0,0,0,0,0,0,0,0,0,0,0,0,0,0,0,0,34,34,
34,34,0,0,0,0,0,0,0,0,0,0,0,0,0,0,0,0,0,0,0,0,0,0,0,0,0,0,0,0,0,0,0,0,0,0,0,0,0,0,0,0,0,0,0,0,0,0,0,0,0,0,0,0,0,0,0,0,0,0,0,0,0,0,0,0,0,0,0,0,0,0,0,0,0,0,0,0,0,0,0,0,0,0,0,0,0,0,34,34,
34,34,0,0,0,0,0,0,0,0,0,0,0,0,0,0,18,18,18,18,18,18,18,18,18,18,18,18,0,0,0,0,0,0,0,0,0,0,0,0,0,0,0,0,0,0,0,0,0,0,0,0,0,0,0,0,0,0,0,0,0,0,0,0,0,0,0,0,0,0,0,0,0,0,0,0,0,0,0,0,0,0,0,0,0,0,0,0,34,34,
34,34,0,0,0,0,0,0,0,0,0,0,0,0,0,0,35,35,35,35,35,36,36,36,35,35,34,34,0,0,0,0,0,0,0,0,0,0,0,0,0,0,0,0,0,0,0,0,0,0,0,0,0,0,0,0,0,0,0,0,0,0,0,0,0,0,0,0,0,0,0,0,0,0,0,0,0,0,0,0,0,0,0,0,0,0,0,0,34,34,
34,34,0,0,0,0,0,0,0,0,0,0,0,0,0,0,0,0,0,0,0,0,0,0,0,0,0,0,0,0,0,0,0,0,0,0,0,0,0,0,0,0,0,0,0,0,0,0,0,0,0,0,0,0,0,0,0,0,0,0,0,0,0,0,0,0,0,0,0,0,0,0,0,0,0,0,0,0,0,0,0,0,0,0,0,0,0,0,34,34,
34,34,0,0,0,18,18,18,18,18,18,18,18,0,0,0,0,0,0,0,0,0,0,0,0,0,0,0,0,0,0,0,0,0,0,0,0,0,0,0,0,0,0,18,18,18,18,18,18,18,18,18,18,18,18,18,18,0,0,0,0,0,0,0,0,0,0,0,0,0,0,0,0,0,0,0,0,0,0,0,0,0,0,0,0,0,0,0,34,34,
34,34,0,0,0,34,34,34,35,36,36,35,36,0,0,0,0,0,0,0,0,0,0,0,0,0,0,0,0,0,0,0,0,0,0,0,0,0,0,0,0,0,0,35,35,34,34,36,36,33,33,36,36,35,35,35,35,0,0,0,0,0,0,0,0,0,0,0,0,0,0,0,0,0,0,0,0,0,0,0,0,0,0,0,0,0,0,0,34,34,
18,18,18,18,18,35,36,36,36,36,35,35,36,18,18,18,18,18,18,18,18,18,18,18,18,18,18,18,18,18,18,18,18,18,18,18,18,18,18,18,18,18,18,34,34,35,35,34,36,34,35,33,36,33,35,34,34,18,18,18,18,18,18,18,18,18,18,18,18,18,18,18,18,18,18,18,18,18,18,18,18,18,18,18,18,18,18,18,18,18,
34,34,34,34,34,35,33,36,33,33,35,34,34,34,35,34,34,35,34,34,34,34,36,34,34,34,35,35,34,35,35,34,34,34,33,36,34,35,33,36,36,36,35,34,35,35,35,34,34,35,35,34,34,33,34,34,35,34,33,36,34,34,36,34,34,34,35,35,35,34,34,36,33,36,35,35,34,34,35,34,35,36,33,36,33,34,34,35,34,35,
34,34,34,34,35,33,34,36,34,36,35,34,36,35,34,34,36,34,35,34,34,34,33,33,34,35,34,35,35,34,35,35,34,34,36,33,35,35,36,33,35,35,35,35,35,34,34,35,34,34,35,34,35,35,35,34,34,36,36,33,35,34,33,36,35,35,34,34,34,34,35,34,35,33,36,34,35,35,34,34,35,35,36,33,34,34,35,34,35,34

[Object Layer 1]
type=player
location=34,265,0,0

[Object Layer 1]
type=enemy
location=303,263,0,0

[Object Layer 1]
type=enemy
location=367,262,0,0

[Object Layer 1]
type=enemy
location=129,239,0,0

[Object Layer 1]
type=enemy
location=635,250,0,0

[Object Layer 1]
type=enemy
location=447,261,0,0

[Object Layer 1]
type=enemy
location=560,261,0,0

[Object Layer 1]
type=enemy
location=752,217,0,0

[Object Layer 1]
type=enemy
location=832,216,0,0

[Object Layer 1]
type=enemy
location=991,261,0,0

[Object Layer 1]
type=enemy
location=1071,264,0,0

[Object Layer 1]
type=enemy
location=1150,262,0,0

[Object Layer 1]
type=enemy
location=1232,261,0,0

[Object Layer 1]
type=enemy
location=1328,271,0,0

